1	0	0	0	0	62	8
2	0	0	0	1	104	333
3	0	0	1	0	96	48
4	0	0	1	1	2256	189
5	0	0	2	0	99	23
6	0	0	2	1	2432	156
7	0	0	3	0	102	4
8	0	0	3	1	2609	95
9	0	1	0	0	82	105
10	0	1	0	1	1441	199
11	0	1	1	0	1433	38
12	0	1	1	1	4024	15
13	0	1	2	0	1436	42
14	0	1	2	1	3987	12
15	0	1	3	0	1439	22
16	0	1	3	1	3935	7
17	0	2	0	0	45	29
18	0	2	0	1	1616	57
19	0	2	1	0	1608	15
20	0	2	1	1	4500	7
21	0	2	2	0	1611	13
22	0	2	2	1	3689	5
23	0	2	3	0	1614	7
24	0	2	3	1	47	8
25	0	3	0	0	50	49
26	0	3	0	1	48	115
27	0	3	1	0	1667	19
28	0	3	1	1	3885	12
29	0	3	2	0	1670	26
30	0	3	2	1	3781	13
31	0	3	3	0	49	10
32	0	3	3	1	3989	5
33	0	4	0	0	88	45
34	0	4	0	1	1790	178
35	0	4	1	0	51	34
36	0	4	1	1	3930	9
37	0	4	2	0	1785	28
38	0	4	2	1	3829	16
39	0	4	3	0	1788	20
40	0	4	3	1	3793	12
41	0	5	0	0	91	24
42	0	5	0	1	1965	162
43	0	5	1	0	1957	28
44	0	5	1	1	3748	14
45	0	5	2	0	1960	22
46	0	5	2	1	3742	12
47	0	5	3	0	1963	16
48	0	5	3	1	3775	18
49	0	6	0	0	94	4
50	0	6	0	1	2139	96
51	0	6	1	0	2131	14
52	0	6	1	1	5123	10
53	0	6	2	0	2134	13
54	0	6	2	1	4104	13
55	0	6	3	0	2137	8
56	0	6	3	1	3739	4
57	1	0	0	0	0	71
58	1	0	0	1	1	79
59	1	0	1	0	154	19
60	1	0	1	1	4237	5
61	1	0	2	0	2	13
62	1	0	2	1	4484	3
63	1	0	3	0	158	10
64	1	0	3	1	5115	4
65	1	1	0	0	42	19
66	1	1	0	1	3915	7
67	1	1	1	0	4251	1
68	1	2	0	0	60	8
69	1	2	0	1	4182	3
70	1	2	2	0	7551	1
71	1	2	3	0	4289	1
72	1	3	0	0	144	14
73	1	3	0	1	3917	7
74	1	3	1	0	6217	1
75	1	3	2	0	3717	2
76	1	4	0	0	146	13
77	1	4	0	1	4269	6
78	1	4	2	0	7209	1
79	1	4	3	0	3817	2
80	1	5	0	0	149	11
81	1	5	0	1	4176	4
82	1	5	1	0	5413	1
83	1	6	0	0	61	12
84	1	6	0	1	5012	4
85	1	6	2	0	5609	1
86	2	0	0	0	4	124
87	2	0	0	1	6	176
88	2	0	1	0	7	30
89	2	0	1	1	3945	14
90	2	0	2	0	5	27
91	2	0	2	1	4236	13
92	2	0	3	0	215	22
93	2	0	3	1	3716	5
94	2	1	0	0	196	35
95	2	1	0	1	3860	8
96	2	1	1	0	4616	1
97	2	1	2	0	4395	2
98	2	1	3	0	4530	2
99	2	2	0	0	199	8
100	2	2	0	1	3905	1
101	2	2	3	0	6777	1
102	2	3	0	0	200	19
103	2	3	0	1	4231	6
104	2	3	1	0	4208	2
105	2	3	2	0	5795	2
106	2	4	0	0	202	29
107	2	4	0	1	3854	10
108	2	4	2	0	5119	2
109	2	4	3	0	4667	2
110	2	5	0	0	205	34
111	2	5	0	1	3865	13
112	2	5	1	0	5479	1
113	2	5	2	0	5134	4
114	2	5	3	0	6323	2
115	2	6	0	0	208	15
116	2	6	0	1	4228	5
117	2	6	1	0	5991	2
118	2	6	2	0	4743	2
119	3	0	0	0	8	106
120	3	0	0	1	11	160
121	3	0	1	0	9	35
122	3	0	1	1	3842	14
123	3	0	2	0	328	23
124	3	0	2	1	4470	7
125	3	0	3	0	331	22
126	3	0	3	1	3746	7
127	3	1	0	0	312	28
128	3	1	0	1	3774	11
129	3	1	1	0	5271	2
130	3	1	2	0	4836	1
131	3	1	3	0	4562	2
132	3	2	0	0	315	13
133	3	2	0	1	3685	6
134	3	2	1	0	6484	1
135	3	2	2	0	4840	2
136	3	2	3	0	5667	1
137	3	3	0	0	316	20
138	3	3	0	1	5038	6
139	3	3	1	0	5650	1
140	3	3	2	0	4207	1
141	3	3	3	0	4405	1
142	3	4	0	0	318	26
143	3	4	0	1	3614	10
144	3	4	1	0	4591	2
145	3	4	2	0	4527	3
146	3	4	3	0	5821	1
147	3	5	0	0	321	24
148	3	5	0	1	3965	12
149	3	5	1	0	4751	2
150	3	5	2	0	7058	1
151	3	5	3	0	6074	3
152	3	6	0	0	324	16
153	3	6	0	1	3621	11
154	3	6	1	0	4503	1
155	3	6	3	0	6047	1
156	4	0	0	0	12	43
157	4	0	0	1	13	75
158	4	0	1	0	441	13
159	4	0	1	1	3960	9
160	4	0	2	0	14	11
161	4	0	2	1	4089	5
162	4	0	3	0	446	11
163	4	0	3	1	4701	4
164	4	1	0	0	428	28
165	4	1	0	1	4525	7
166	4	1	1	0	4062	1
167	4	1	2	0	5476	1
168	4	2	0	0	431	2
169	4	3	0	0	432	10
170	4	3	0	1	4217	3
171	4	3	2	0	4537	2
172	4	3	3	0	7316	1
173	4	4	0	0	434	13
174	4	4	0	1	4013	7
175	4	4	3	0	4675	2
176	4	5	0	0	437	12
177	4	5	0	1	3906	3
178	4	5	1	0	4807	2
179	4	5	2	0	5295	1
180	4	6	0	0	57	8
181	4	6	0	1	4710	3
182	4	6	1	0	4803	2
183	4	6	2	0	7131	1
184	5	0	0	0	15	114
185	5	0	0	1	506	195
186	5	0	1	0	18	35
187	5	0	1	1	3749	18
188	5	0	2	0	501	32
189	5	0	2	1	3893	7
190	5	0	3	0	17	21
191	5	0	3	1	3701	11
192	5	1	0	0	485	41
193	5	1	0	1	3663	17
194	5	1	2	0	7367	1
195	5	1	3	0	6821	2
196	5	2	0	0	488	20
197	5	2	0	1	4313	8
198	5	2	1	0	4732	1
199	5	2	2	0	7519	1
200	5	2	3	0	3675	1
201	5	3	0	0	489	26
202	5	3	0	1	4017	11
203	5	3	3	0	6140	1
204	5	4	0	0	491	43
205	5	4	0	1	3672	14
206	5	4	1	0	7493	1
207	5	4	2	0	4063	3
208	5	4	3	0	4553	1
209	5	5	0	0	494	38
210	5	5	0	1	3623	23
211	5	5	1	0	5462	2
212	5	5	2	0	5332	2
213	5	5	3	0	5514	2
214	5	6	0	0	497	24
215	5	6	0	1	4471	4
216	5	6	1	0	6765	1
217	5	6	2	0	6117	1
218	6	0	0	0	19	93
219	6	0	0	1	20	209
220	6	0	1	0	673	39
221	6	0	1	1	3881	24
222	6	0	2	0	21	29
223	6	0	2	1	3646	23
224	6	0	3	0	678	17
225	6	0	3	1	5459	6
226	6	1	0	0	660	45
227	6	1	0	1	4221	16
228	6	1	1	0	6059	2
229	6	1	2	0	4730	3
230	6	2	0	0	663	16
231	6	2	0	1	4387	3
232	6	2	1	0	6696	1
233	6	2	3	0	4641	1
234	6	3	0	0	664	23
235	6	3	0	1	3724	9
236	6	3	2	0	5893	2
237	6	3	3	0	5116	2
238	6	4	0	0	666	36
239	6	4	0	1	3691	10
240	6	4	1	0	6134	2
241	6	4	2	0	4756	1
242	6	4	3	0	3740	3
243	6	5	0	0	54	29
244	6	5	0	1	3699	21
245	6	5	1	0	4557	2
246	6	5	2	0	3743	3
247	6	5	3	0	6095	1
248	6	6	0	0	671	18
249	6	6	0	1	3849	10
250	6	6	1	0	6453	1
251	6	6	2	0	6784	1
252	6	6	3	0	7200	1
253	7	0	0	0	23	43
254	7	0	0	1	24	124
255	7	0	1	0	849	20
256	7	0	1	1	4065	12
257	7	0	2	0	852	19
258	7	0	2	1	3927	5
259	7	0	3	0	855	12
260	7	0	3	1	3636	8
261	7	1	0	0	835	32
262	7	1	0	1	3955	11
263	7	1	1	0	5087	1
264	7	1	2	0	5396	2
265	7	1	3	0	5340	2
266	7	2	0	0	838	7
267	7	2	0	1	7562	1
268	7	2	3	0	5228	1
269	7	3	0	0	839	21
270	7	3	0	1	4018	8
271	7	3	1	0	4088	2
272	7	3	2	0	4469	1
273	7	3	3	0	4427	2
274	7	4	0	0	841	19
275	7	4	0	1	4463	11
276	7	4	2	0	7010	1
277	7	4	3	0	4007	2
278	7	5	0	0	844	21
279	7	5	0	1	3840	7
280	7	5	1	0	3874	2
281	7	5	3	0	5611	2
282	7	6	0	0	847	15
283	7	6	0	1	3637	10
284	7	6	1	0	5997	3
285	7	6	2	0	7359	2
286	8	0	0	0	27	33
287	8	0	0	1	29	123
288	8	0	1	0	967	20
289	8	0	1	1	3814	16
290	8	0	2	0	28	25
291	8	0	2	1	3773	18
292	8	0	3	0	972	11
293	8	0	3	1	4040	4
294	8	1	0	0	953	21
295	8	1	0	1	4115	7
296	8	1	1	0	4829	2
297	8	1	2	0	4354	3
298	8	2	0	0	956	10
299	8	2	0	1	3657	8
300	8	3	0	0	957	11
301	8	3	0	1	3778	6
302	8	3	1	0	4394	1
303	8	4	0	0	959	21
304	8	4	0	1	3768	10
305	8	4	1	0	4195	3
306	8	4	2	0	4799	2
307	8	4	3	0	4716	2
308	8	5	0	0	962	23
309	8	5	0	1	4004	12
310	8	5	1	0	4974	4
311	8	5	2	0	3697	4
312	8	5	3	0	3891	2
313	8	6	0	0	965	9
314	8	6	0	1	5375	1
315	8	6	1	0	5101	2
316	9	0	0	0	76	23
317	9	0	0	1	30	104
318	9	0	1	0	1083	14
319	9	0	1	1	3666	10
320	9	0	2	0	1086	18
321	9	0	2	1	3706	8
322	9	0	3	0	1089	10
323	9	0	3	1	4170	7
324	9	1	0	0	1069	22
325	9	1	0	1	3752	13
326	9	1	1	0	6259	2
327	9	1	2	0	4379	1
328	9	1	3	0	4417	3
329	9	2	0	0	1072	9
330	9	2	0	1	5923	2
331	9	2	2	0	7248	1
332	9	2	3	0	5165	1
333	9	3	0	0	1073	13
334	9	3	0	1	4558	9
335	9	3	1	0	6867	1
336	9	3	2	0	3627	3
337	9	4	0	0	1075	22
338	9	4	0	1	4073	6
339	9	4	1	0	5465	1
340	9	4	2	0	5221	3
341	9	4	3	0	5774	2
342	9	5	0	0	1078	20
343	9	5	0	1	3937	15
344	9	5	1	0	5908	2
345	9	5	2	0	6586	1
346	9	5	3	0	5538	2
347	9	6	0	0	1081	10
348	9	6	0	1	4110	8
349	9	6	1	0	4923	4
350	9	6	2	0	5897	1
351	9	6	3	0	3754	2
352	10	0	0	0	78	10
353	10	0	0	1	33	53
354	10	0	1	0	1199	9
355	10	0	1	1	4155	5
356	10	0	2	0	1202	7
357	10	0	2	1	3787	11
358	10	0	3	0	1205	4
359	10	0	3	1	4165	2
360	10	1	0	0	1185	10
361	10	1	0	1	3720	4
362	10	1	1	0	3936	1
363	10	1	2	0	5223	1
364	10	2	0	0	1188	5
365	10	2	0	1	3921	3
366	10	3	0	0	1189	5
367	10	3	0	1	3883	2
368	10	3	1	0	6220	2
369	10	4	0	0	1191	10
370	10	4	0	1	3843	6
371	10	4	1	0	4598	1
372	10	4	2	0	6515	2
373	10	5	0	0	1194	8
374	10	5	0	1	3968	6
375	10	5	1	0	6025	1
376	10	5	2	0	4552	2
377	10	6	0	0	1197	5
378	10	6	0	1	3899	3
379	10	6	1	0	4733	1
380	10	6	2	0	5446	1
381	11	0	0	0	37	9
382	11	0	0	1	36	100
383	11	0	1	0	1258	20
384	11	0	1	1	4103	5
385	11	0	2	0	1261	13
386	11	0	2	1	3762	14
387	11	0	3	0	1264	8
388	11	0	3	1	3721	8
389	11	1	0	0	1244	23
390	11	1	0	1	3612	11
391	11	1	1	0	6552	1
392	11	1	2	0	3810	3
393	11	2	0	0	1247	8
394	11	2	0	1	5431	4
395	11	2	1	0	4513	1
396	11	2	2	0	4699	1
397	11	2	3	0	3619	1
398	11	3	0	0	1248	13
399	11	3	0	1	3759	6
400	11	3	1	0	5971	3
401	11	3	2	0	3920	2
402	11	4	0	0	1250	21
403	11	4	0	1	3862	9
404	11	4	1	0	4540	1
405	11	4	2	0	5969	2
406	11	4	3	0	3876	2
407	11	5	0	0	1253	14
408	11	5	0	1	4086	8
409	11	5	1	0	3704	3
410	11	5	2	0	7295	1
411	11	6	0	0	1256	9
412	11	6	0	1	3655	9
413	11	6	1	0	6564	1
414	11	6	2	0	4665	3
415	12	0	0	0	81	1
416	12	0	0	1	39	45
417	12	0	1	0	1375	8
418	12	0	1	1	4543	3
419	12	0	2	0	1378	6
420	12	0	2	1	3611	6
421	12	0	3	0	1381	4
422	12	0	3	1	6328	4
423	12	1	0	0	1361	14
424	12	1	0	1	4297	5
425	12	1	1	0	4390	3
426	12	1	2	0	4304	3
427	12	1	3	0	4524	2
428	12	2	0	0	1364	2
429	12	3	0	0	1365	5
430	12	3	0	1	3734	5
431	12	4	0	0	1367	10
432	12	4	0	1	3839	7
433	12	4	1	0	5450	1
434	12	4	2	0	5761	1
435	12	4	3	0	4336	2
436	12	5	0	0	1370	6
437	12	5	0	1	3804	4
438	12	5	2	0	3682	1
439	12	5	3	0	4491	2
440	12	6	0	0	1373	4
441	12	6	0	1	3882	7
442	12	6	1	0	5929	1
443	12	6	2	0	6167	1
